No.8 image(NineRegion):
[-13.0049, 159.979, -926.415]
[-85.0049, 159.979, -926.415]
[-164.005, 159.979, -933.415]
[-228.505, 160.271, -937.415]
[-315.968, 161.921, -940.415]
[-384.046, 163.207, -935.415]
[-469.005, 167.935, -944.415]
[-469.005, 238.497, -939.415]
[-384.951, 235.156, -937.415]
[-314.63, 232.835, -937.415]
[-228.505, 229.991, -930.415]
[-162.702, 229.049, -933.415]
[-84.5049, 227.573, -926.415]
[-12.1718, 226.209, -926.415]
[-11.2617, 298.563, -921.415]
[-84.5049, 302.363, -922.415]
[-161.243, 306.345, -0.415014]
[-228.505, 309.491, -926.415]
[-313.131, 312.285, -936.415]
[-385.951, 314.689, -935.415]
[-469.005, 318.979, -940.415]
[-386.005, 388.691, -931.415]
[-310.755, 386.207, -935.415]
[-228.005, 383.474, -927.415]
[-161.008, 382.257, -925.415]
[-84.0049, 381.168, -923.415]
[-8.7257, 380.102, -923.415]
[-84.0049, 462.168, -923.415]
[-228.005, 464.993, -925.415]
[-309.216, 467.775, -930.415]
[-386.005, 470.691, -934.415]
[-466.068, 475.621, -940.415]


No.8 image(FullRegion):
[-0.00491822, 152.979, -935.415]
[-84.5049, 155.732, -926.415]
[-163.812, 158.498, -938.415]
[-228.605, 161.054, -937.415]
[-315.666, 163.795, -940.415]
[-385.505, 166.952, -938.415]
[-468.005, 169.943, -945.415]
[-468.005, 238.464, -934.415]
[-385.338, 234.698, -934.415]
[-314.43, 232.373, -937.415]
[-228.505, 230.077, -930.415]
[-162.958, 228.325, -935.415]
[-84.5049, 226.228, -926.415]
[-9.40834, 223.823, -937.415]
[-6.91182, 301.718, -931.415]
[-84.5049, 303.952, -922.415]
[-161.695, 307.532, -925.415]
[-228.005, 310.608, -926.415]
[-312.99, 312.302, -937.415]
[-385.505, 314.809, -935.415]
[-468.005, 317.662, -941.415]
[-467.505, 389.844, -938.415]
[-385.505, 388.397, -934.415]
[-310.923, 386.637, -935.415]
[-228.005, 384.893, -927.415]
[-160.481, 383.743, -927.415]
[-84.5049, 382.45, -923.415]
[-6.47199, 381.356, -918.415]
[-84.0049, 458.903, -923.415]
[-228.005, 468.996, -926.415]
[-309.622, 466.895, -929.415]
[-385.505, 469.584, -940.415]
[-467.505, 472.498, -937.415]


