===== World Time: 2026-04-07 10:55:12 =====
Ints: 5 5 4 4 4 4 4 5 6 3 4 4 4 4
Floats:
101 295 94 -45
105 217 84 -45
108 68 84 -45
260 68 82 -45
258 213 79 -45
110 279 91 -45
113 199 75 -45
114 56 84 -45
265 54 86 -45
261 199 87 -45
113 185 84 -45
118 40 82 -45
268 40 86 -45
263 185 83 -45
118 171 84 -45
120 30 81 -45
273 30 84 -45
269 172 81 -45
118 159 84 -45
122 20 85 -45
276 21 87 -45
274 163 88 -45
127 149 84 -45
134 7 76 -45
276 8 81 -45
273 150 78 -45
121 310 85 -45
128 138 79 -45
283 141 75 -45
281 307 85 -45
128 143 81 -45
133 13 80 -45
289 10 77 -45
289 145 77 -45
286 291 83 -45
122 300 85 -45
128 157 81 -45
131 25 83 -45
281 25 81 -45
278 156 82 -45
276 300 88 -45
117 171 88 -45
122 38 85 -45
279 171 85 -45
122 185 88 -45
128 51 81 -45
279 51 84 -45
278 185 84 -45
112 199 88 -45
118 59 82 -45
268 58 100 -45
268 199 87 -45
117 208 81 -45
119 73 87 -45
273 73 87 -45
265 209 88 -45
113 222 83 -45
116 81 78 -45
266 83 90 -45
265 222 79 -45

===== World Time: 2026-04-07 11:01:21 =====
Ints: 5 5 4 4 4 4 4 5 6 3 4 4 4 4 4 4 4 4 4 4 4 7 6 3 6 5 4 4
Floats:
101 295 94 -45
105 217 84 -45
108 68 84 -45
260 68 82 -45
258 213 79 -45
110 279 91 -45
113 199 75 -45
114 56 84 -45
265 54 86 -45
261 199 87 -45
113 185 84 -45
118 40 82 -45
268 40 86 -45
263 185 83 -45
118 171 84 -45
120 30 81 -45
273 30 84 -45
269 172 81 -45
118 159 84 -45
122 20 85 -45
276 21 87 -45
274 163 88 -45
127 149 84 -45
134 7 76 -45
276 8 81 -45
273 150 78 -45
121 310 85 -45
128 138 79 -45
283 141 75 -45
281 307 85 -45
128 143 81 -45
133 13 80 -45
289 10 77 -45
289 145 77 -45
286 291 83 -45
122 300 85 -45
128 157 81 -45
131 25 83 -45
281 25 81 -45
278 156 82 -45
276 300 88 -45
117 171 88 -45
122 38 85 -45
279 171 85 -45
122 185 88 -45
128 51 81 -45
279 51 84 -45
278 185 84 -45
112 199 88 -45
118 59 82 -45
268 58 100 -45
268 199 87 -45
117 208 81 -45
119 73 87 -45
273 73 87 -45
265 209 88 -45
113 222 83 -45
116 81 78 -45
266 83 90 -45
265 222 79 -45
106 215 80 -45
111 70 76 -45
260 69 79 -45
257 214 83 -45
111 200 84 -45
115 56 82 -45
265 56 85 -45
261 198 81 -45
114 184 79 -45
118 40 82 -45
268 40 85 -45
263 185 82 -45
115 173 90 -45
119 30 85 -45
273 31 88 -45
271 173 87 -45
120 161 83 -45
123 20 84 -45
276 21 88 -45
274 161 83 -45
128 147 83 -45
135 8 79 -45
276 10 82 -45
273 150 83 -45
121 310 84 -45
127 138 78 -45
283 140 78 -45
281 308 85 -45
74 289 96 -45
132 14 77 -45
127 143 79 -45
120 287 89 -45
286 289 84 -45
289 145 80 -45
291 10 75 -45
122 300 85 -45
129 157 77 -45
134 25 77 -45
281 25 80 -45
279 156 82 -45
276 300 85 -45
122 171 81 -45
123 39 83 -45
281 172 90 -45
60 186 99 -45
128 51 81 -45
125 185 82 -45
122 250 85 -45
278 185 85 -45
279 50 85 -45
70 199 100 -45
118 59 83 -45
112 197 87 -45
108 239 99 -45
268 198 84 -45
116 211 86 -45
120 74 83 -45
271 75 81 -45
266 210 83 -45
113 222 83 -45
118 82 73 -45
266 83 81 -45
265 222 80 -45

===== World Time: 2026-04-07 11:12:45 =====
Ints: 5 5 4 4 4 4 4 5 6 3 4 4 4 4 4 4 4 4 4 4 4 7 6 3 6 5 4 4 4 7 4 4 4 4 4 4 4 4 4 4 4 3 4 4 3 4 4 4 4 4
Floats:
101 295 94 -45
105 217 84 -45
108 68 84 -45
260 68 82 -45
258 213 79 -45
110 279 91 -45
113 199 75 -45
114 56 84 -45
265 54 86 -45
261 199 87 -45
113 185 84 -45
118 40 82 -45
268 40 86 -45
263 185 83 -45
118 171 84 -45
120 30 81 -45
273 30 84 -45
269 172 81 -45
118 159 84 -45
122 20 85 -45
276 21 87 -45
274 163 88 -45
127 149 84 -45
134 7 76 -45
276 8 81 -45
273 150 78 -45
121 310 85 -45
128 138 79 -45
283 141 75 -45
281 307 85 -45
128 143 81 -45
133 13 80 -45
289 10 77 -45
289 145 77 -45
286 291 83 -45
122 300 85 -45
128 157 81 -45
131 25 83 -45
281 25 81 -45
278 156 82 -45
276 300 88 -45
117 171 88 -45
122 38 85 -45
279 171 85 -45
122 185 88 -45
128 51 81 -45
279 51 84 -45
278 185 84 -45
112 199 88 -45
118 59 82 -45
268 58 100 -45
268 199 87 -45
117 208 81 -45
119 73 87 -45
273 73 87 -45
265 209 88 -45
113 222 83 -45
116 81 78 -45
266 83 90 -45
265 222 79 -45
106 215 80 -45
111 70 76 -45
260 69 79 -45
257 214 83 -45
111 200 84 -45
115 56 82 -45
265 56 85 -45
261 198 81 -45
114 184 79 -45
118 40 82 -45
268 40 85 -45
263 185 82 -45
115 173 90 -45
119 30 85 -45
273 31 88 -45
271 173 87 -45
120 161 83 -45
123 20 84 -45
276 21 88 -45
274 161 83 -45
128 147 83 -45
135 8 79 -45
276 10 82 -45
273 150 83 -45
121 310 84 -45
127 138 78 -45
283 140 78 -45
281 308 85 -45
74 289 96 -45
132 14 77 -45
127 143 79 -45
120 287 89 -45
286 289 84 -45
289 145 80 -45
291 10 75 -45
122 300 85 -45
129 157 77 -45
134 25 77 -45
281 25 80 -45
279 156 82 -45
276 300 85 -45
122 171 81 -45
123 39 83 -45
281 172 90 -45
60 186 99 -45
128 51 81 -45
125 185 82 -45
122 250 85 -45
278 185 85 -45
279 50 85 -45
70 199 100 -45
118 59 83 -45
112 197 87 -45
108 239 99 -45
268 198 84 -45
116 211 86 -45
120 74 83 -45
271 75 81 -45
266 210 83 -45
113 222 83 -45
118 82 73 -45
266 83 81 -45
265 222 80 -45
126 270 84 -45
130 121 77 -45
281 118 81 -45
278 269 85 -45
125 301 82 -45
94 276 96 -45
124 274 83 -45
125 228 88 -45
129 121 76 -45
279 118 86 -45
278 270 84 -45
128 256 82 -45
132 103 86 -45
279 99 83 -45
276 257 84 -45
120 242 81 -45
122 86 86 -45
279 86 82 -45
276 244 87 -45
128 229 81 -45
134 73 75 -45
291 73 87 -45
288 229 85 -45
128 217 83 -45
132 59 76 -45
291 61 82 -45
288 217 79 -45
128 203 83 -45
131 47 81 -45
286 49 80 -45
283 207 81 -45
132 193 78 -45
135 36 78 -45
299 41 79 -45
296 196 77 -45
133 206 80 -45
137 46 75 -45
302 46 81 -45
299 208 80 -45
129 221 83 -45
134 56 77 -45
288 57 83 -45
286 220 78 -45
132 233 78 -45
133 68 86 -45
293 69 80 -45
288 234 82 -45
128 246 81 -45
132 80 83 -45
291 80 84 -45
286 246 83 -45
116 261 90 -45
123 93 83 -45
281 93 85 -45
276 261 86 -45
131 270 84 -45
132 106 83 -45
278 273 87 -45
128 297 79 -45
101 285 87 -45
132 121 79 -45
279 284 85 -45
133 290 79 -45
137 136 76 -45
286 136 74 -45
283 290 82 -45
135 280 87 -45
138 125 76 -45
285 125 75 -45
114 266 87 -45
128 113 82 -45
283 113 81 -45
281 265 85 -45
129 253 83 -45
133 101 82 -45
293 103 84 -45
288 252 80 -45
122 249 105 -45
136 90 80 -45
294 90 82 -45
289 237 79 -45
131 224 83 -45
135 76 80 -45
289 76 82 -45
285 224 81 -45
134 208 81 -45
138 63 81 -45
304 63 82 -45
301 207 82 -45

===== World Time: 2026-04-07 11:25:34 =====
Ints: 5 5 4 4 4 4 4 5 6 3 4 4 4 4 4 4 4 4 4 4 4 7 6 3 6 5 4 4 4 7 4 4 4 4 4 4 4 4 4 4 4 3 4 4 3 4 4 4 4 4 4 5 4 4 4 4 4 4 4 6 4 5 5 4
Floats:
101 295 94 -45
105 217 84 -45
108 68 84 -45
260 68 82 -45
258 213 79 -45
110 279 91 -45
113 199 75 -45
114 56 84 -45
265 54 86 -45
261 199 87 -45
113 185 84 -45
118 40 82 -45
268 40 86 -45
263 185 83 -45
118 171 84 -45
120 30 81 -45
273 30 84 -45
269 172 81 -45
118 159 84 -45
122 20 85 -45
276 21 87 -45
274 163 88 -45
127 149 84 -45
134 7 76 -45
276 8 81 -45
273 150 78 -45
121 310 85 -45
128 138 79 -45
283 141 75 -45
281 307 85 -45
128 143 81 -45
133 13 80 -45
289 10 77 -45
289 145 77 -45
286 291 83 -45
122 300 85 -45
128 157 81 -45
131 25 83 -45
281 25 81 -45
278 156 82 -45
276 300 88 -45
117 171 88 -45
122 38 85 -45
279 171 85 -45
122 185 88 -45
128 51 81 -45
279 51 84 -45
278 185 84 -45
112 199 88 -45
118 59 82 -45
268 58 100 -45
268 199 87 -45
117 208 81 -45
119 73 87 -45
273 73 87 -45
265 209 88 -45
113 222 83 -45
116 81 78 -45
266 83 90 -45
265 222 79 -45
106 215 80 -45
111 70 76 -45
260 69 79 -45
257 214 83 -45
111 200 84 -45
115 56 82 -45
265 56 85 -45
261 198 81 -45
114 184 79 -45
118 40 82 -45
268 40 85 -45
263 185 82 -45
115 173 90 -45
119 30 85 -45
273 31 88 -45
271 173 87 -45
120 161 83 -45
123 20 84 -45
276 21 88 -45
274 161 83 -45
128 147 83 -45
135 8 79 -45
276 10 82 -45
273 150 83 -45
121 310 84 -45
127 138 78 -45
283 140 78 -45
281 308 85 -45
74 289 96 -45
132 14 77 -45
127 143 79 -45
120 287 89 -45
286 289 84 -45
289 145 80 -45
291 10 75 -45
122 300 85 -45
129 157 77 -45
134 25 77 -45
281 25 80 -45
279 156 82 -45
276 300 85 -45
122 171 81 -45
123 39 83 -45
281 172 90 -45
60 186 99 -45
128 51 81 -45
125 185 82 -45
122 250 85 -45
278 185 85 -45
279 50 85 -45
70 199 100 -45
118 59 83 -45
112 197 87 -45
108 239 99 -45
268 198 84 -45
116 211 86 -45
120 74 83 -45
271 75 81 -45
266 210 83 -45
113 222 83 -45
118 82 73 -45
266 83 81 -45
265 222 80 -45
126 270 84 -45
130 121 77 -45
281 118 81 -45
278 269 85 -45
125 301 82 -45
94 276 96 -45
124 274 83 -45
125 228 88 -45
129 121 76 -45
279 118 86 -45
278 270 84 -45
128 256 82 -45
132 103 86 -45
279 99 83 -45
276 257 84 -45
120 242 81 -45
122 86 86 -45
279 86 82 -45
276 244 87 -45
128 229 81 -45
134 73 75 -45
291 73 87 -45
288 229 85 -45
128 217 83 -45
132 59 76 -45
291 61 82 -45
288 217 79 -45
128 203 83 -45
131 47 81 -45
286 49 80 -45
283 207 81 -45
132 193 78 -45
135 36 78 -45
299 41 79 -45
296 196 77 -45
133 206 80 -45
137 46 75 -45
302 46 81 -45
299 208 80 -45
129 221 83 -45
134 56 77 -45
288 57 83 -45
286 220 78 -45
132 233 78 -45
133 68 86 -45
293 69 80 -45
288 234 82 -45
128 246 81 -45
132 80 83 -45
291 80 84 -45
286 246 83 -45
116 261 90 -45
123 93 83 -45
281 93 85 -45
276 261 86 -45
131 270 84 -45
132 106 83 -45
278 273 87 -45
128 297 79 -45
101 285 87 -45
132 121 79 -45
279 284 85 -45
133 290 79 -45
137 136 76 -45
286 136 74 -45
283 290 82 -45
135 280 87 -45
138 125 76 -45
285 125 75 -45
114 266 87 -45
128 113 82 -45
283 113 81 -45
281 265 85 -45
129 253 83 -45
133 101 82 -45
293 103 84 -45
288 252 80 -45
122 249 105 -45
136 90 80 -45
294 90 82 -45
289 237 79 -45
131 224 83 -45
135 76 80 -45
289 76 82 -45
285 224 81 -45
134 208 81 -45
138 63 81 -45
304 63 82 -45
301 207 82 -45
145 292 73 -45
150 128 74 -45
301 128 79 -45
296 295 73 -45
99 286 86 -45
149 114 79 -45
143 285 80 -45
291 289 83 -45
297 114 75 -45
127 288 95 -45
138 99 76 -45
299 99 77 -45
294 286 79 -45
144 277 81 -45
149 87 78 -45
299 87 79 -45
293 280 79 -45
137 274 85 -45
145 71 77 -45
299 75 78 -45
293 277 76 -45
135 269 85 -45
141 61 79 -45
296 63 79 -45
289 275 82 -45
135 267 85 -45
144 49 74 -45
304 53 76 -45
296 271 80 -45
140 247 79 -45
144 96 73 -45
302 102 74 -45
296 252 77 -45
123 259 97 -45
140 101 79 -45
293 106 78 -45
288 258 81 -45
104 259 87 -45
145 104 74 -45
141 257 78 -45
140 296 85 -45
294 261 70 -45
297 109 79 -45
142 263 81 -45
148 108 79 -45
296 114 80 -45
291 268 80 -45
135 270 75 -45
105 268 89 -45
141 113 69 -45
299 120 85 -45
294 275 88 -45
94 271 87 -45
151 119 77 -45
145 271 77 -45
294 277 74 -45
299 123 82 -45
146 276 77 -45
151 126 78 -45
302 130 73 -45
297 282 77 -45

===== World Time: 2026-04-07 11:51:55 =====
Ints: 4 4 4 6 4 4 4 4 2 4 4 6 5 4 4 4 4 6 6 6 4 6
Floats:
103 288 85 -45
106 127 84 -45
260 123 73 -45
257 289 82 -45
105 217 84 -45
107 67 89 -45
260 68 80 -45
257 215 80 -45
110 200 83 -45
112 56 80 -45
263 55 87 -45
261 199 85 -45
109 216 87 -45
78 186 95 -45
110 185 88 -45
117 42 80 -45
261 185 86 -45
266 42 84 -45
116 173 83 -45
118 30 84 -45
271 32 86 -45
269 172 81 -45
117 163 87 -45
122 19 86 -45
276 22 78 -45
274 163 86 -45
128 149 82 -45
131 9 84 -45
274 9 84 -45
273 152 79 -45
119 312 87 -45
125 140 80 -45
281 142 85 -45
279 309 87 -45
126 142 81 -45
283 138 80 -45
122 288 85 -45
126 154 84 -45
276 154 78 -45
274 286 83 -45
113 301 89 -45
118 168 83 -45
276 166 84 -45
276 299 83 -45
115 315 91 -45
119 178 85 -45
123 3 82 -45
276 3 83 -45
274 180 84 -45
271 314 87 -45
52 188 99 -45
120 19 78 -45
112 189 89 -45
263 192 85 -45
268 18 84 -45
113 200 81 -45
116 32 83 -45
266 32 84 -45
263 202 86 -45
111 209 77 -45
113 49 82 -45
263 47 82 -45
262 211 79 -45
116 184 77 -45
118 47 84 -45
268 47 81 -45
266 184 78 -45
116 173 86 -45
122 35 80 -45
271 37 83 -45
268 173 84 -45
108 306 90 -45
115 161 83 -45
120 23 81 -45
271 25 85 -45
268 163 84 -45
263 305 86 -45
116 292 90 -45
123 149 83 -45
124 15 84 -45
281 15 81 -45
278 149 85 -45
276 291 84 -45
72 282 98 -45
123 3 82 -45
120 135 80 -45
113 281 93 -45
279 279 86 -45
281 135 85 -45
124 266 86 -45
130 121 80 -45
279 119 74 -45
276 264 84 -45
83 250 93 -45
127 106 80 -45
120 249 89 -45
115 289 106 -45
286 252 84 -45
289 106 78 -45

===== World Time: 2026-04-08 09:25:54 =====
Ints: 4 4 4 4 5 5 4 5 4 4 4 4 4 5 4 4 4 8 6 2 4 4 4 4 4 3 4 3 4 6 6 6 8 4
Floats:
108 216 86 -45
112 71 81 -45
258 71 83 -45
255 216 84 -45
108 219 85 -45
109 71 85 -45
258 71 90 -45
257 215 81 -45
112 200 86 -45
115 57 88 -45
263 58 79 -45
260 201 91 -45
112 200 86 -45
115 57 88 -45
263 58 79 -45
260 201 91 -45
107 264 95 -45
112 187 87 -45
115 43 88 -45
265 43 87 -45
261 187 89 -45
107 264 95 -45
112 187 87 -45
115 43 88 -45
265 43 87 -45
261 187 89 -45
119 175 85 -45
121 32 83 -45
271 32 86 -45
268 175 89 -45
87 273 114 -45
160 204 113 -45
249 32 107 -45
353 262 109 -45
332 307 114 -45
123 163 84 -45
125 18 81 -45
276 20 84 -45
274 163 85 -45
123 163 84 -45
125 18 81 -45
276 20 84 -45
274 163 85 -45
130 149 88 -45
135 6 84 -45
278 8 82 -45
273 152 81 -45
131 312 91 -45
133 142 79 -45
285 144 86 -45
285 306 83 -45
131 311 89 -45
133 140 82 -45
285 142 80 -45
285 306 82 -45
218 301 106 -45
191 274 111 -45
231 227 111 -45
345 300 108 -45
354 177 63 -45
137 276 86 -45
138 140 79 -45
289 136 75 -45
289 275 81 -45
137 276 86 -45
138 140 79 -45
289 136 75 -45
289 275 81 -45
126 289 91 -45
131 154 83 -45
273 154 84 -45
269 288 85 -45
168 175 105 -45
173 57 96 -45
212 135 113 -45
218 227 105 -45
248 58 100 -45
285 12 108 -45
295 103 106 -45
349 18 104 -45
62 169 101 -45
125 168 87 -45
121 232 100 -45
123 303 91 -45
273 303 91 -45
276 168 85 -45
76 135 9 -45
157 257 113 -45
122 182 86 -45
123 5 89 -45
278 6 87 -45
274 181 84 -45
122 182 86 -45
123 5 89 -45
278 6 87 -45
274 181 84 -45
114 192 86 -45
119 18 86 -45
266 20 82 -45
261 193 85 -45
114 192 86 -45
119 18 86 -45
266 20 82 -45
261 193 85 -45
115 204 87 -45
119 33 84 -45
266 33 87 -45
263 203 81 -45
114 50 85 -45
263 49 79 -45
260 215 83 -45
112 212 82 -45
115 49 83 -45
263 47 83 -45
260 215 83 -45
119 183 79 -45
268 51 81 -45
265 183 81 -45
123 173 82 -45
126 38 85 -45
271 39 83 -45
268 173 87 -45
115 311 89 -45
117 161 88 -45
120 26 89 -45
269 28 84 -45
265 161 87 -45
260 311 89 -45
124 298 93 -45
126 149 89 -45
129 16 86 -45
281 16 86 -45
279 149 86 -45
276 297 87 -45
79 289 104 -45
132 2 86 -45
130 135 85 -45
127 286 94 -45
278 285 87 -45
279 135 81 -45
122 303 105 -45
96 274 102 -45
128 272 90 -45
129 229 91 -45
132 121 84 -45
169 273 96 -45
271 268 83 -45
276 121 80 -45
143 255 86 -45
144 108 81 -45
297 108 79 -45
297 255 83 -45

===== World Time: 2026-04-08 09:33:15 =====
Ints: 4 4 4 4 5 5 4 5 4 4 4 4 4 5 4 4 4 8 6 2 4 4 4 4 4 3 4 3 4 6 6 6 8 4 4 4 5 4 4 4 4 4 4 4 4 4 4 5 4 3 3 4 6 5 5 4 4
Floats:
108 216 86 -45
112 71 81 -45
258 71 83 -45
255 216 84 -45
108 219 85 -45
109 71 85 -45
258 71 90 -45
257 215 81 -45
112 200 86 -45
115 57 88 -45
263 58 79 -45
260 201 91 -45
112 200 86 -45
115 57 88 -45
263 58 79 -45
260 201 91 -45
107 264 95 -45
112 187 87 -45
115 43 88 -45
265 43 87 -45
261 187 89 -45
107 264 95 -45
112 187 87 -45
115 43 88 -45
265 43 87 -45
261 187 89 -45
119 175 85 -45
121 32 83 -45
271 32 86 -45
268 175 89 -45
87 273 114 -45
160 204 113 -45
249 32 107 -45
353 262 109 -45
332 307 114 -45
123 163 84 -45
125 18 81 -45
276 20 84 -45
274 163 85 -45
123 163 84 -45
125 18 81 -45
276 20 84 -45
274 163 85 -45
130 149 88 -45
135 6 84 -45
278 8 82 -45
273 152 81 -45
131 312 91 -45
133 142 79 -45
285 144 86 -45
285 306 83 -45
131 311 89 -45
133 140 82 -45
285 142 80 -45
285 306 82 -45
218 301 106 -45
191 274 111 -45
231 227 111 -45
345 300 108 -45
354 177 63 -45
137 276 86 -45
138 140 79 -45
289 136 75 -45
289 275 81 -45
137 276 86 -45
138 140 79 -45
289 136 75 -45
289 275 81 -45
126 289 91 -45
131 154 83 -45
273 154 84 -45
269 288 85 -45
168 175 105 -45
173 57 96 -45
212 135 113 -45
218 227 105 -45
248 58 100 -45
285 12 108 -45
295 103 106 -45
349 18 104 -45
62 169 101 -45
125 168 87 -45
121 232 100 -45
123 303 91 -45
273 303 91 -45
276 168 85 -45
76 135 9 -45
157 257 113 -45
122 182 86 -45
123 5 89 -45
278 6 87 -45
274 181 84 -45
122 182 86 -45
123 5 89 -45
278 6 87 -45
274 181 84 -45
114 192 86 -45
119 18 86 -45
266 20 82 -45
261 193 85 -45
114 192 86 -45
119 18 86 -45
266 20 82 -45
261 193 85 -45
115 204 87 -45
119 33 84 -45
266 33 87 -45
263 203 81 -45
114 50 85 -45
263 49 79 -45
260 215 83 -45
112 212 82 -45
115 49 83 -45
263 47 83 -45
260 215 83 -45
119 183 79 -45
268 51 81 -45
265 183 81 -45
123 173 82 -45
126 38 85 -45
271 39 83 -45
268 173 87 -45
115 311 89 -45
117 161 88 -45
120 26 89 -45
269 28 84 -45
265 161 87 -45
260 311 89 -45
124 298 93 -45
126 149 89 -45
129 16 86 -45
281 16 86 -45
279 149 86 -45
276 297 87 -45
79 289 104 -45
132 2 86 -45
130 135 85 -45
127 286 94 -45
278 285 87 -45
279 135 81 -45
122 303 105 -45
96 274 102 -45
128 272 90 -45
129 229 91 -45
132 121 84 -45
169 273 96 -45
271 268 83 -45
276 121 80 -45
143 255 86 -45
144 108 81 -45
297 108 79 -45
297 255 83 -45
105 218 91 -45
109 71 89 -45
258 71 90 -45
255 215 83 -45
112 200 86 -45
116 57 85 -45
261 57 84 -45
260 201 89 -45
109 276 96 -45
112 187 86 -45
116 44 86 -45
265 44 86 -45
261 187 87 -45
119 173 88 -45
122 31 87 -45
274 32 85 -45
273 173 89 -45
122 163 89 -45
124 20 84 -45
276 19 87 -45
273 164 87 -45
128 151 89 -45
132 6 85 -45
278 8 83 -45
273 150 80 -45
118 309 89 -45
133 140 78 -45
285 142 79 -45
285 306 83 -45
137 274 84 -45
137 140 78 -45
288 137 83 -45
289 276 85 -45
137 274 84 -45
137 140 78 -45
288 137 83 -45
289 276 85 -45
126 290 93 -45
130 154 85 -45
273 154 82 -45
269 288 85 -45
123 303 92 -45
125 168 88 -45
276 168 86 -45
273 303 91 -45
122 180 88 -45
126 6 84 -45
277 5 90 -45
274 180 89 -45
113 189 90 -45
119 20 85 -45
266 20 85 -45
261 192 89 -45
112 287 96 -45
118 202 84 -45
119 33 86 -45
266 32 83 -45
263 204 86 -45
109 211 85 -45
111 50 91 -45
263 50 85 -45
260 215 79 -45
116 183 85 -45
266 49 81 -45
263 183 81 -45
116 183 85 -45
266 49 81 -45
263 183 81 -45
122 171 85 -45
124 37 86 -45
271 37 85 -45
268 171 85 -45
114 312 92 -45
119 161 87 -45
122 24 88 -45
268 27 83 -45
263 161 87 -45
260 311 87 -45
125 299 89 -45
128 149 82 -45
128 16 87 -45
279 149 84 -45
276 298 84 -45
126 286 93 -45
130 137 80 -45
131 4 88 -45
281 137 83 -45
277 285 90 -45
133 270 80 -45
134 121 83 -45
274 121 86 -45
271 271 87 -45
142 255 83 -45
143 106 78 -45
296 108 80 -45
296 255 86 -45

===== World Time: 2026-04-08 09:39:47 =====
Ints: 4 4 4 4 5 5 4 5 4 4 4 4 4 5 4 4 4 8 6 2 4 4 4 4 4 3 4 3 4 6 6 6 8 4 4 4 5 4 4 4 4 4 4 4 4 4 4 5 4 3 3 4 6 5 5 4 4 4 4 4 4 4 4 4 4 4 4 4 5 4 3 3 4 6 6 6 3 4
Floats:
108 216 86 -45
112 71 81 -45
258 71 83 -45
255 216 84 -45
108 219 85 -45
109 71 85 -45
258 71 90 -45
257 215 81 -45
112 200 86 -45
115 57 88 -45
263 58 79 -45
260 201 91 -45
112 200 86 -45
115 57 88 -45
263 58 79 -45
260 201 91 -45
107 264 95 -45
112 187 87 -45
115 43 88 -45
265 43 87 -45
261 187 89 -45
107 264 95 -45
112 187 87 -45
115 43 88 -45
265 43 87 -45
261 187 89 -45
119 175 85 -45
121 32 83 -45
271 32 86 -45
268 175 89 -45
87 273 114 -45
160 204 113 -45
249 32 107 -45
353 262 109 -45
332 307 114 -45
123 163 84 -45
125 18 81 -45
276 20 84 -45
274 163 85 -45
123 163 84 -45
125 18 81 -45
276 20 84 -45
274 163 85 -45
130 149 88 -45
135 6 84 -45
278 8 82 -45
273 152 81 -45
131 312 91 -45
133 142 79 -45
285 144 86 -45
285 306 83 -45
131 311 89 -45
133 140 82 -45
285 142 80 -45
285 306 82 -45
218 301 106 -45
191 274 111 -45
231 227 111 -45
345 300 108 -45
354 177 63 -45
137 276 86 -45
138 140 79 -45
289 136 75 -45
289 275 81 -45
137 276 86 -45
138 140 79 -45
289 136 75 -45
289 275 81 -45
126 289 91 -45
131 154 83 -45
273 154 84 -45
269 288 85 -45
168 175 105 -45
173 57 96 -45
212 135 113 -45
218 227 105 -45
248 58 100 -45
285 12 108 -45
295 103 106 -45
349 18 104 -45
62 169 101 -45
125 168 87 -45
121 232 100 -45
123 303 91 -45
273 303 91 -45
276 168 85 -45
76 135 9 -45
157 257 113 -45
122 182 86 -45
123 5 89 -45
278 6 87 -45
274 181 84 -45
122 182 86 -45
123 5 89 -45
278 6 87 -45
274 181 84 -45
114 192 86 -45
119 18 86 -45
266 20 82 -45
261 193 85 -45
114 192 86 -45
119 18 86 -45
266 20 82 -45
261 193 85 -45
115 204 87 -45
119 33 84 -45
266 33 87 -45
263 203 81 -45
114 50 85 -45
263 49 79 -45
260 215 83 -45
112 212 82 -45
115 49 83 -45
263 47 83 -45
260 215 83 -45
119 183 79 -45
268 51 81 -45
265 183 81 -45
123 173 82 -45
126 38 85 -45
271 39 83 -45
268 173 87 -45
115 311 89 -45
117 161 88 -45
120 26 89 -45
269 28 84 -45
265 161 87 -45
260 311 89 -45
124 298 93 -45
126 149 89 -45
129 16 86 -45
281 16 86 -45
279 149 86 -45
276 297 87 -45
79 289 104 -45
132 2 86 -45
130 135 85 -45
127 286 94 -45
278 285 87 -45
279 135 81 -45
122 303 105 -45
96 274 102 -45
128 272 90 -45
129 229 91 -45
132 121 84 -45
169 273 96 -45
271 268 83 -45
276 121 80 -45
143 255 86 -45
144 108 81 -45
297 108 79 -45
297 255 83 -45
105 218 91 -45
109 71 89 -45
258 71 90 -45
255 215 83 -45
112 200 86 -45
116 57 85 -45
261 57 84 -45
260 201 89 -45
109 276 96 -45
112 187 86 -45
116 44 86 -45
265 44 86 -45
261 187 87 -45
119 173 88 -45
122 31 87 -45
274 32 85 -45
273 173 89 -45
122 163 89 -45
124 20 84 -45
276 19 87 -45
273 164 87 -45
128 151 89 -45
132 6 85 -45
278 8 83 -45
273 150 80 -45
118 309 89 -45
133 140 78 -45
285 142 79 -45
285 306 83 -45
137 274 84 -45
137 140 78 -45
288 137 83 -45
289 276 85 -45
137 274 84 -45
137 140 78 -45
288 137 83 -45
289 276 85 -45
126 290 93 -45
130 154 85 -45
273 154 82 -45
269 288 85 -45
123 303 92 -45
125 168 88 -45
276 168 86 -45
273 303 91 -45
122 180 88 -45
126 6 84 -45
277 5 90 -45
274 180 89 -45
113 189 90 -45
119 20 85 -45
266 20 85 -45
261 192 89 -45
112 287 96 -45
118 202 84 -45
119 33 86 -45
266 32 83 -45
263 204 86 -45
109 211 85 -45
111 50 91 -45
263 50 85 -45
260 215 79 -45
116 183 85 -45
266 49 81 -45
263 183 81 -45
116 183 85 -45
266 49 81 -45
263 183 81 -45
122 171 85 -45
124 37 86 -45
271 37 85 -45
268 171 85 -45
114 312 92 -45
119 161 87 -45
122 24 88 -45
268 27 83 -45
263 161 87 -45
260 311 87 -45
125 299 89 -45
128 149 82 -45
128 16 87 -45
279 149 84 -45
276 298 84 -45
126 286 93 -45
130 137 80 -45
131 4 88 -45
281 137 83 -45
277 285 90 -45
133 270 80 -45
134 121 83 -45
274 121 86 -45
271 271 87 -45
142 255 83 -45
143 106 78 -45
296 108 80 -45
296 255 86 -45
108 217 83 -45
112 71 81 -45
260 71 81 -45
257 215 83 -45
113 202 83 -45
115 57 87 -45
265 57 84 -45
261 201 88 -45
112 187 89 -45
115 43 90 -45
266 43 89 -45
261 187 87 -45
117 175 89 -45
121 32 86 -45
274 32 84 -45
271 175 85 -45
122 163 87 -45
125 18 82 -45
276 19 87 -45
274 164 84 -45
130 150 81 -45
134 8 83 -45
276 8 82 -45
271 152 80 -45
130 310 86 -45
133 138 78 -45
283 142 81 -45
283 306 84 -45
137 276 85 -45
138 140 79 -45
289 136 77 -45
289 276 86 -45
128 289 91 -45
131 154 84 -45
271 154 84 -45
268 287 82 -45
120 304 96 -45
125 168 87 -45
276 168 90 -45
274 302 88 -45
122 179 81 -45
124 6 87 -45
278 6 87 -45
274 182 86 -45
111 255 91 -45
113 191 92 -45
119 20 85 -45
266 20 82 -45
260 195 85 -45
115 204 90 -45
117 33 86 -45
266 33 89 -45
263 204 89 -45
115 51 79 -45
263 49 85 -45
260 215 83 -45
116 183 83 -45
266 49 82 -45
263 183 79 -45
116 183 83 -45
120 49 82 -45
266 49 82 -45
265 183 85 -45
115 311 89 -45
119 161 85 -45
122 25 86 -45
268 28 85 -45
265 161 86 -45
260 310 84 -45
125 299 90 -45
127 149 84 -45
129 16 84 -45
281 16 83 -45
278 149 85 -45
274 299 87 -45
77 289 104 -45
130 2 88 -45
128 135 89 -45
125 286 94 -45
277 285 90 -45
279 135 82 -45
134 121 82 -45
274 122 87 -45
271 269 84 -45
143 254 80 -45
143 106 80 -45
296 108 81 -45
296 255 84 -45

===== World Time: 2026-04-08 09:50:18 =====
Ints: 4 4 4 4 4 4 4 4 4 4 4 5 3 3 5 4 4 4 4 4 4
Floats:
131 274 84 -45
133 121 82 -45
279 120 79 -45
277 272 91 -45
136 256 83 -45
139 104 83 -45
283 103 84 -45
281 257 86 -45
131 243 82 -45
131 90 81 -45
274 90 78 -45
269 243 84 -45
142 229 85 -45
142 76 84 -45
286 76 80 -45
283 229 83 -45
140 216 86 -45
145 64 77 -45
291 66 84 -45
291 217 84 -45
140 205 84 -45
140 52 87 -45
283 54 76 -45
281 208 89 -45
155 192 86 -45
157 42 78 -45
313 44 78 -45
314 193 85 -45
159 205 80 -45
161 46 78 -45
318 47 78 -45
318 205 82 -45
146 217 81 -45
148 56 75 -45
285 57 82 -45
283 216 78 -45
143 233 85 -45
147 68 82 -45
296 69 87 -45
296 232 79 -45
147 245 85 -45
148 81 76 -45
288 81 85 -45
285 245 83 -45
133 296 96 -45
100 261 98 -45
135 259 85 -45
274 93 89 -45
273 259 85 -45
140 271 88 -45
143 108 80 -45
285 108 83 -45
134 284 91 -45
137 123 83 -45
283 121 86 -45
94 294 95 -45
143 135 75 -45
140 291 84 -45
285 291 84 -45
288 135 78 -45
147 279 85 -45
151 123 80 -45
289 125 90 -45
289 277 77 -45
142 267 86 -45
142 113 86 -45
281 113 83 -45
281 267 84 -45
152 253 82 -45
153 99 83 -45
291 101 80 -45
289 252 78 -45
150 239 82 -45
149 86 87 -45
302 86 82 -45
301 240 87 -45
149 224 82 -45
151 75 78 -45
289 74 83 -45
289 224 80 -45
159 207 81 -45
162 59 81 -45
322 59 86 -45
322 206 86 -45

===== World Time: 2026-04-08 10:07:05 =====
Ints: 4 4 4 4 4 4 4 4 4 4 4 5 3 3 5 4 4 4 4 4 4 3 4 4 4 4 3 4 3 4 4 4 2 3 3 4 4 4 4 4 4 4 6 6 4 4 4 3 4 3 4 4 4 2 3 3 4 4 3 4 4 4 4
Floats:
131 274 84 -45
133 121 82 -45
279 120 79 -45
277 272 91 -45
136 256 83 -45
139 104 83 -45
283 103 84 -45
281 257 86 -45
131 243 82 -45
131 90 81 -45
274 90 78 -45
269 243 84 -45
142 229 85 -45
142 76 84 -45
286 76 80 -45
283 229 83 -45
140 216 86 -45
145 64 77 -45
291 66 84 -45
291 217 84 -45
140 205 84 -45
140 52 87 -45
283 54 76 -45
281 208 89 -45
155 192 86 -45
157 42 78 -45
313 44 78 -45
314 193 85 -45
159 205 80 -45
161 46 78 -45
318 47 78 -45
318 205 82 -45
146 217 81 -45
148 56 75 -45
285 57 82 -45
283 216 78 -45
143 233 85 -45
147 68 82 -45
296 69 87 -45
296 232 79 -45
147 245 85 -45
148 81 76 -45
288 81 85 -45
285 245 83 -45
133 296 96 -45
100 261 98 -45
135 259 85 -45
274 93 89 -45
273 259 85 -45
140 271 88 -45
143 108 80 -45
285 108 83 -45
134 284 91 -45
137 123 83 -45
283 121 86 -45
94 294 95 -45
143 135 75 -45
140 291 84 -45
285 291 84 -45
288 135 78 -45
147 279 85 -45
151 123 80 -45
289 125 90 -45
289 277 77 -45
142 267 86 -45
142 113 86 -45
281 113 83 -45
281 267 84 -45
152 253 82 -45
153 99 83 -45
291 101 80 -45
289 252 78 -45
150 239 82 -45
149 86 87 -45
302 86 82 -45
301 240 87 -45
149 224 82 -45
151 75 78 -45
289 74 83 -45
289 224 80 -45
159 207 81 -45
162 59 81 -45
322 59 86 -45
322 206 86 -45
133 121 79 -45
279 118 77 -45
276 270 91 -45
137 256 82 -45
139 103 83 -45
283 103 80 -45
281 257 88 -45
130 242 81 -45
128 90 89 -45
273 90 87 -45
269 244 87 -45
142 229 83 -45
144 76 84 -45
286 76 77 -45
285 230 86 -45
142 216 86 -45
145 63 75 -45
291 66 81 -45
291 217 84 -45
140 205 85 -45
140 52 86 -45
281 207 84 -45
155 195 82 -45
158 42 77 -45
314 45 82 -45
314 195 86 -45
161 46 76 -45
317 49 83 -45
317 205 85 -45
145 217 82 -45
148 54 78 -45
285 57 81 -45
283 218 86 -45
145 233 85 -45
147 66 84 -45
296 69 80 -45
294 233 84 -45
141 244 92 -45
147 81 80 -45
288 81 84 -45
286 245 84 -45
133 259 88 -45
271 259 87 -45
140 271 86 -45
143 108 79 -45
285 108 85 -45
99 285 94 -45
134 283 85 -45
137 123 84 -45
141 290 80 -45
142 137 83 -45
288 137 78 -45
288 289 77 -45
149 279 83 -45
151 123 79 -45
291 125 83 -45
289 278 81 -45
141 268 88 -45
142 113 82 -45
281 113 83 -45
279 266 88 -45
153 253 84 -45
154 99 81 -45
291 99 82 -45
288 254 86 -45
148 240 85 -45
151 88 80 -45
301 88 85 -45
301 240 85 -45
150 223 74 -45
149 73 80 -45
288 73 80 -45
288 224 82 -45
161 206 77 -45
161 57 85 -45
322 59 85 -45
322 206 86 -45
131 272 84 -45
161 275 98 -45
132 237 79 -45
133 121 78 -45
278 120 80 -45
276 272 91 -45
91 258 93 -45
139 104 81 -45
135 257 85 -45
136 299 82 -45
281 257 84 -45
283 103 82 -45
129 243 82 -45
130 90 88 -45
273 90 85 -45
269 243 84 -45
144 229 83 -45
142 76 82 -45
286 78 79 -45
283 229 85 -45
141 215 81 -45
142 64 84 -45
291 66 80 -45
289 217 82 -45
139 205 84 -45
140 52 83 -45
283 54 75 -45
155 194 86 -45
157 42 79 -45
312 45 85 -45
312 194 86 -45
157 205 82 -45
161 46 77 -45
317 205 85 -45
146 217 81 -45
147 56 80 -45
285 58 79 -45
283 217 83 -45
144 232 80 -45
145 68 82 -45
296 69 83 -45
296 231 76 -45
146 245 86 -45
147 81 80 -45
288 81 87 -45
285 245 86 -45
134 258 84 -45
273 259 87 -45
140 271 88 -45
142 108 84 -45
285 108 84 -45
135 283 85 -45
138 121 80 -45
281 281 80 -45
141 288 80 -45
143 135 79 -45
288 137 78 -45
286 290 80 -45
149 278 80 -45
149 123 80 -45
289 125 86 -45
288 280 87 -45
142 111 81 -45
279 113 84 -45
279 268 88 -45
152 253 82 -45
152 99 80 -45
293 101 82 -45
289 253 81 -45
148 240 86 -45
150 88 81 -45
301 88 82 -45
301 240 84 -45
149 224 83 -45
151 73 76 -45
289 75 80 -45
289 224 82 -45
162 207 82 -45
162 59 80 -45
323 59 80 -45
323 207 82 -45

===== World Time: 2026-04-08 10:20:38 =====
Ints: 4 4 4 4 4 4 4 4 4 4 4 5 3 3 5 4 4 4 4 4 4 3 4 4 4 4 3 4 3 4 4 4 2 3 3 4 4 4 4 4 4 4 6 6 4 4 4 3 4 3 4 4 4 2 3 3 4 4 3 4 4 4 4 2 4 4 4 4 4 4 5 4 4 4 4 4 4 2 5 4 4 3 4 4
Floats:
131 274 84 -45
133 121 82 -45
279 120 79 -45
277 272 91 -45
136 256 83 -45
139 104 83 -45
283 103 84 -45
281 257 86 -45
131 243 82 -45
131 90 81 -45
274 90 78 -45
269 243 84 -45
142 229 85 -45
142 76 84 -45
286 76 80 -45
283 229 83 -45
140 216 86 -45
145 64 77 -45
291 66 84 -45
291 217 84 -45
140 205 84 -45
140 52 87 -45
283 54 76 -45
281 208 89 -45
155 192 86 -45
157 42 78 -45
313 44 78 -45
314 193 85 -45
159 205 80 -45
161 46 78 -45
318 47 78 -45
318 205 82 -45
146 217 81 -45
148 56 75 -45
285 57 82 -45
283 216 78 -45
143 233 85 -45
147 68 82 -45
296 69 87 -45
296 232 79 -45
147 245 85 -45
148 81 76 -45
288 81 85 -45
285 245 83 -45
133 296 96 -45
100 261 98 -45
135 259 85 -45
274 93 89 -45
273 259 85 -45
140 271 88 -45
143 108 80 -45
285 108 83 -45
134 284 91 -45
137 123 83 -45
283 121 86 -45
94 294 95 -45
143 135 75 -45
140 291 84 -45
285 291 84 -45
288 135 78 -45
147 279 85 -45
151 123 80 -45
289 125 90 -45
289 277 77 -45
142 267 86 -45
142 113 86 -45
281 113 83 -45
281 267 84 -45
152 253 82 -45
153 99 83 -45
291 101 80 -45
289 252 78 -45
150 239 82 -45
149 86 87 -45
302 86 82 -45
301 240 87 -45
149 224 82 -45
151 75 78 -45
289 74 83 -45
289 224 80 -45
159 207 81 -45
162 59 81 -45
322 59 86 -45
322 206 86 -45
133 121 79 -45
279 118 77 -45
276 270 91 -45
137 256 82 -45
139 103 83 -45
283 103 80 -45
281 257 88 -45
130 242 81 -45
128 90 89 -45
273 90 87 -45
269 244 87 -45
142 229 83 -45
144 76 84 -45
286 76 77 -45
285 230 86 -45
142 216 86 -45
145 63 75 -45
291 66 81 -45
291 217 84 -45
140 205 85 -45
140 52 86 -45
281 207 84 -45
155 195 82 -45
158 42 77 -45
314 45 82 -45
314 195 86 -45
161 46 76 -45
317 49 83 -45
317 205 85 -45
145 217 82 -45
148 54 78 -45
285 57 81 -45
283 218 86 -45
145 233 85 -45
147 66 84 -45
296 69 80 -45
294 233 84 -45
141 244 92 -45
147 81 80 -45
288 81 84 -45
286 245 84 -45
133 259 88 -45
271 259 87 -45
140 271 86 -45
143 108 79 -45
285 108 85 -45
99 285 94 -45
134 283 85 -45
137 123 84 -45
141 290 80 -45
142 137 83 -45
288 137 78 -45
288 289 77 -45
149 279 83 -45
151 123 79 -45
291 125 83 -45
289 278 81 -45
141 268 88 -45
142 113 82 -45
281 113 83 -45
279 266 88 -45
153 253 84 -45
154 99 81 -45
291 99 82 -45
288 254 86 -45
148 240 85 -45
151 88 80 -45
301 88 85 -45
301 240 85 -45
150 223 74 -45
149 73 80 -45
288 73 80 -45
288 224 82 -45
161 206 77 -45
161 57 85 -45
322 59 85 -45
322 206 86 -45
131 272 84 -45
161 275 98 -45
132 237 79 -45
133 121 78 -45
278 120 80 -45
276 272 91 -45
91 258 93 -45
139 104 81 -45
135 257 85 -45
136 299 82 -45
281 257 84 -45
283 103 82 -45
129 243 82 -45
130 90 88 -45
273 90 85 -45
269 243 84 -45
144 229 83 -45
142 76 82 -45
286 78 79 -45
283 229 85 -45
141 215 81 -45
142 64 84 -45
291 66 80 -45
289 217 82 -45
139 205 84 -45
140 52 83 -45
283 54 75 -45
155 194 86 -45
157 42 79 -45
312 45 85 -45
312 194 86 -45
157 205 82 -45
161 46 77 -45
317 205 85 -45
146 217 81 -45
147 56 80 -45
285 58 79 -45
283 217 83 -45
144 232 80 -45
145 68 82 -45
296 69 83 -45
296 231 76 -45
146 245 86 -45
147 81 80 -45
288 81 87 -45
285 245 86 -45
134 258 84 -45
273 259 87 -45
140 271 88 -45
142 108 84 -45
285 108 84 -45
135 283 85 -45
138 121 80 -45
281 281 80 -45
141 288 80 -45
143 135 79 -45
288 137 78 -45
286 290 80 -45
149 278 80 -45
149 123 80 -45
289 125 86 -45
288 280 87 -45
142 111 81 -45
279 113 84 -45
279 268 88 -45
152 253 82 -45
152 99 80 -45
293 101 82 -45
289 253 81 -45
148 240 86 -45
150 88 81 -45
301 88 82 -45
301 240 84 -45
149 224 83 -45
151 73 76 -45
289 75 80 -45
289 224 82 -45
162 207 82 -45
162 59 80 -45
323 59 80 -45
323 207 82 -45
172 128 75 -45
318 128 80 -45
175 286 79 -45
176 114 70 -45
318 114 77 -45
317 292 80 -45
172 282 75 -45
170 99 78 -45
308 99 71 -45
312 286 79 -45
175 277 75 -45
175 87 75 -45
315 87 76 -45
315 283 79 -45
168 275 82 -45
170 73 71 -45
321 75 76 -45
321 279 78 -45
166 270 84 -45
166 61 82 -45
309 63 77 -45
310 277 83 -45
172 267 85 -45
173 49 78 -45
334 52 92 -45
330 275 91 -45
112 247 87 -45
179 99 75 -45
176 247 80 -45
334 253 76 -45
337 104 77 -45
173 252 79 -45
173 101 79 -45
318 108 79 -45
320 258 81 -45
173 259 79 -45
175 106 78 -45
326 111 74 -45
326 264 79 -45
178 264 80 -45
180 109 75 -45
322 116 81 -45
322 270 80 -45
177 267 78 -45
177 114 73 -45
318 121 81 -45
321 273 79 -45
182 272 77 -45
181 121 78 -45
323 126 76 -45
323 278 81 -45
176 276 79 -45
179 126 75 -45
328 130 77 -45
326 281 78 -45
187 111 72 -45
335 116 72 -45
101 255 85 -45
191 106 75 -45
191 257 76 -45
334 262 78 -45
335 111 82 -45
186 253 81 -45
186 103 78 -45
331 109 73 -45
333 257 77 -45
186 249 79 -45
190 101 76 -45
329 106 73 -45
329 254 77 -45
181 244 78 -45
334 101 76 -45
334 248 75 -45
179 236 75 -45
181 92 72 -45
325 96 78 -45
327 245 83 -45
183 230 79 -45
183 83 75 -45
339 90 78 -45
338 235 80 -45

===== World Time: 2026-04-08 10:27:42 =====
Ints: 4 4 4 4 4 4 4 4 4 4 4 5 3 3 5 4 4 4 4 4 4 3 4 4 4 4 3 4 3 4 4 4 2 3 3 4 4 4 4 4 4 4 6 6 4 4 4 3 4 3 4 4 4 2 3 3 4 4 3 4 4 4 4 2 4 4 4 4 4 4 5 4 4 4 4 4 4 2 5 4 4 3 4 4 4 4 4 5 4 4 4 4 4 5 4 4 4 4 4 4 4 5 3 4 6
Floats:
131 274 84 -45
133 121 82 -45
279 120 79 -45
277 272 91 -45
136 256 83 -45
139 104 83 -45
283 103 84 -45
281 257 86 -45
131 243 82 -45
131 90 81 -45
274 90 78 -45
269 243 84 -45
142 229 85 -45
142 76 84 -45
286 76 80 -45
283 229 83 -45
140 216 86 -45
145 64 77 -45
291 66 84 -45
291 217 84 -45
140 205 84 -45
140 52 87 -45
283 54 76 -45
281 208 89 -45
155 192 86 -45
157 42 78 -45
313 44 78 -45
314 193 85 -45
159 205 80 -45
161 46 78 -45
318 47 78 -45
318 205 82 -45
146 217 81 -45
148 56 75 -45
285 57 82 -45
283 216 78 -45
143 233 85 -45
147 68 82 -45
296 69 87 -45
296 232 79 -45
147 245 85 -45
148 81 76 -45
288 81 85 -45
285 245 83 -45
133 296 96 -45
100 261 98 -45
135 259 85 -45
274 93 89 -45
273 259 85 -45
140 271 88 -45
143 108 80 -45
285 108 83 -45
134 284 91 -45
137 123 83 -45
283 121 86 -45
94 294 95 -45
143 135 75 -45
140 291 84 -45
285 291 84 -45
288 135 78 -45
147 279 85 -45
151 123 80 -45
289 125 90 -45
289 277 77 -45
142 267 86 -45
142 113 86 -45
281 113 83 -45
281 267 84 -45
152 253 82 -45
153 99 83 -45
291 101 80 -45
289 252 78 -45
150 239 82 -45
149 86 87 -45
302 86 82 -45
301 240 87 -45
149 224 82 -45
151 75 78 -45
289 74 83 -45
289 224 80 -45
159 207 81 -45
162 59 81 -45
322 59 86 -45
322 206 86 -45
133 121 79 -45
279 118 77 -45
276 270 91 -45
137 256 82 -45
139 103 83 -45
283 103 80 -45
281 257 88 -45
130 242 81 -45
128 90 89 -45
273 90 87 -45
269 244 87 -45
142 229 83 -45
144 76 84 -45
286 76 77 -45
285 230 86 -45
142 216 86 -45
145 63 75 -45
291 66 81 -45
291 217 84 -45
140 205 85 -45
140 52 86 -45
281 207 84 -45
155 195 82 -45
158 42 77 -45
314 45 82 -45
314 195 86 -45
161 46 76 -45
317 49 83 -45
317 205 85 -45
145 217 82 -45
148 54 78 -45
285 57 81 -45
283 218 86 -45
145 233 85 -45
147 66 84 -45
296 69 80 -45
294 233 84 -45
141 244 92 -45
147 81 80 -45
288 81 84 -45
286 245 84 -45
133 259 88 -45
271 259 87 -45
140 271 86 -45
143 108 79 -45
285 108 85 -45
99 285 94 -45
134 283 85 -45
137 123 84 -45
141 290 80 -45
142 137 83 -45
288 137 78 -45
288 289 77 -45
149 279 83 -45
151 123 79 -45
291 125 83 -45
289 278 81 -45
141 268 88 -45
142 113 82 -45
281 113 83 -45
279 266 88 -45
153 253 84 -45
154 99 81 -45
291 99 82 -45
288 254 86 -45
148 240 85 -45
151 88 80 -45
301 88 85 -45
301 240 85 -45
150 223 74 -45
149 73 80 -45
288 73 80 -45
288 224 82 -45
161 206 77 -45
161 57 85 -45
322 59 85 -45
322 206 86 -45
131 272 84 -45
161 275 98 -45
132 237 79 -45
133 121 78 -45
278 120 80 -45
276 272 91 -45
91 258 93 -45
139 104 81 -45
135 257 85 -45
136 299 82 -45
281 257 84 -45
283 103 82 -45
129 243 82 -45
130 90 88 -45
273 90 85 -45
269 243 84 -45
144 229 83 -45
142 76 82 -45
286 78 79 -45
283 229 85 -45
141 215 81 -45
142 64 84 -45
291 66 80 -45
289 217 82 -45
139 205 84 -45
140 52 83 -45
283 54 75 -45
155 194 86 -45
157 42 79 -45
312 45 85 -45
312 194 86 -45
157 205 82 -45
161 46 77 -45
317 205 85 -45
146 217 81 -45
147 56 80 -45
285 58 79 -45
283 217 83 -45
144 232 80 -45
145 68 82 -45
296 69 83 -45
296 231 76 -45
146 245 86 -45
147 81 80 -45
288 81 87 -45
285 245 86 -45
134 258 84 -45
273 259 87 -45
140 271 88 -45
142 108 84 -45
285 108 84 -45
135 283 85 -45
138 121 80 -45
281 281 80 -45
141 288 80 -45
143 135 79 -45
288 137 78 -45
286 290 80 -45
149 278 80 -45
149 123 80 -45
289 125 86 -45
288 280 87 -45
142 111 81 -45
279 113 84 -45
279 268 88 -45
152 253 82 -45
152 99 80 -45
293 101 82 -45
289 253 81 -45
148 240 86 -45
150 88 81 -45
301 88 82 -45
301 240 84 -45
149 224 83 -45
151 73 76 -45
289 75 80 -45
289 224 82 -45
162 207 82 -45
162 59 80 -45
323 59 80 -45
323 207 82 -45
172 128 75 -45
318 128 80 -45
175 286 79 -45
176 114 70 -45
318 114 77 -45
317 292 80 -45
172 282 75 -45
170 99 78 -45
308 99 71 -45
312 286 79 -45
175 277 75 -45
175 87 75 -45
315 87 76 -45
315 283 79 -45
168 275 82 -45
170 73 71 -45
321 75 76 -45
321 279 78 -45
166 270 84 -45
166 61 82 -45
309 63 77 -45
310 277 83 -45
172 267 85 -45
173 49 78 -45
334 52 92 -45
330 275 91 -45
112 247 87 -45
179 99 75 -45
176 247 80 -45
334 253 76 -45
337 104 77 -45
173 252 79 -45
173 101 79 -45
318 108 79 -45
320 258 81 -45
173 259 79 -45
175 106 78 -45
326 111 74 -45
326 264 79 -45
178 264 80 -45
180 109 75 -45
322 116 81 -45
322 270 80 -45
177 267 78 -45
177 114 73 -45
318 121 81 -45
321 273 79 -45
182 272 77 -45
181 121 78 -45
323 126 76 -45
323 278 81 -45
176 276 79 -45
179 126 75 -45
328 130 77 -45
326 281 78 -45
187 111 72 -45
335 116 72 -45
101 255 85 -45
191 106 75 -45
191 257 76 -45
334 262 78 -45
335 111 82 -45
186 253 81 -45
186 103 78 -45
331 109 73 -45
333 257 77 -45
186 249 79 -45
190 101 76 -45
329 106 73 -45
329 254 77 -45
181 244 78 -45
334 101 76 -45
334 248 75 -45
179 236 75 -45
181 92 72 -45
325 96 78 -45
327 245 83 -45
183 230 79 -45
183 83 75 -45
339 90 78 -45
338 235 80 -45
169 291 72 -45
169 128 76 -45
318 128 72 -45
317 296 77 -45
173 288 80 -45
176 116 74 -45
317 116 77 -45
317 292 83 -45
170 283 81 -45
170 101 78 -45
307 101 79 -45
310 288 80 -45
173 280 80 -45
141 280 90 -45
174 88 76 -45
315 88 77 -45
315 285 80 -45
167 275 81 -45
167 75 81 -45
321 76 77 -45
320 280 81 -45
167 270 76 -45
167 63 77 -45
309 63 79 -45
310 276 79 -45
173 267 78 -45
173 49 79 -45
335 52 86 -45
331 273 82 -45
176 248 81 -45
178 97 77 -45
336 104 78 -45
333 255 84 -45
173 254 79 -45
174 102 70 -45
318 108 78 -45
320 260 81 -45
95 258 90 -45
174 106 76 -45
173 259 79 -45
326 264 79 -45
326 113 76 -45
179 265 82 -45
180 111 77 -45
322 116 81 -45
322 270 81 -45
176 269 79 -45
177 114 72 -45
317 121 83 -45
320 274 78 -45
181 272 78 -45
182 119 76 -45
323 125 78 -45
323 278 81 -45
177 277 74 -45
177 126 75 -45
326 130 77 -45
326 282 77 -45
187 260 73 -45
187 111 73 -45
334 116 78 -45
336 267 76 -45
190 256 74 -45
190 108 71 -45
334 113 76 -45
339 263 80 -45
187 251 74 -45
187 104 73 -45
331 109 75 -45
332 256 74 -45
101 245 78 -45
188 101 73 -45
187 246 74 -45
330 252 80 -45
329 106 78 -45
182 242 77 -45
334 101 77 -45
335 248 83 -45
178 239 80 -45
179 92 72 -45
328 96 79 -45
330 244 82 -45
122 230 88 -45
184 83 71 -45
182 231 71 -45
181 289 84 -45
336 237 77 -45
339 90 74 -45

===== World Time: 2026-04-08 10:40:23 =====
Ints: 4 4 4 4 4 4 4 4 4 4 4 5 3 3 5 4 4 4 4 4 4 3 4 4 4 4 3 4 3 4 4 4 2 3 3 4 4 4 4 4 4 4 6 6 4 4 4 3 4 3 4 4 4 2 3 3 4 4 3 4 4 4 4 2 4 4 4 4 4 4 5 4 4 4 4 4 4 2 5 4 4 3 4 4 4 4 4 5 4 4 4 4 4 5 4 4 4 4 4 4 4 5 3 4 6 4 4 4 4 4 4 4 5 4 4 4 4 5 4 4 5 4 4 4 4 4
Floats:
131 274 84 -45
133 121 82 -45
279 120 79 -45
277 272 91 -45
136 256 83 -45
139 104 83 -45
283 103 84 -45
281 257 86 -45
131 243 82 -45
131 90 81 -45
274 90 78 -45
269 243 84 -45
142 229 85 -45
142 76 84 -45
286 76 80 -45
283 229 83 -45
140 216 86 -45
145 64 77 -45
291 66 84 -45
291 217 84 -45
140 205 84 -45
140 52 87 -45
283 54 76 -45
281 208 89 -45
155 192 86 -45
157 42 78 -45
313 44 78 -45
314 193 85 -45
159 205 80 -45
161 46 78 -45
318 47 78 -45
318 205 82 -45
146 217 81 -45
148 56 75 -45
285 57 82 -45
283 216 78 -45
143 233 85 -45
147 68 82 -45
296 69 87 -45
296 232 79 -45
147 245 85 -45
148 81 76 -45
288 81 85 -45
285 245 83 -45
133 296 96 -45
100 261 98 -45
135 259 85 -45
274 93 89 -45
273 259 85 -45
140 271 88 -45
143 108 80 -45
285 108 83 -45
134 284 91 -45
137 123 83 -45
283 121 86 -45
94 294 95 -45
143 135 75 -45
140 291 84 -45
285 291 84 -45
288 135 78 -45
147 279 85 -45
151 123 80 -45
289 125 90 -45
289 277 77 -45
142 267 86 -45
142 113 86 -45
281 113 83 -45
281 267 84 -45
152 253 82 -45
153 99 83 -45
291 101 80 -45
289 252 78 -45
150 239 82 -45
149 86 87 -45
302 86 82 -45
301 240 87 -45
149 224 82 -45
151 75 78 -45
289 74 83 -45
289 224 80 -45
159 207 81 -45
162 59 81 -45
322 59 86 -45
322 206 86 -45
133 121 79 -45
279 118 77 -45
276 270 91 -45
137 256 82 -45
139 103 83 -45
283 103 80 -45
281 257 88 -45
130 242 81 -45
128 90 89 -45
273 90 87 -45
269 244 87 -45
142 229 83 -45
144 76 84 -45
286 76 77 -45
285 230 86 -45
142 216 86 -45
145 63 75 -45
291 66 81 -45
291 217 84 -45
140 205 85 -45
140 52 86 -45
281 207 84 -45
155 195 82 -45
158 42 77 -45
314 45 82 -45
314 195 86 -45
161 46 76 -45
317 49 83 -45
317 205 85 -45
145 217 82 -45
148 54 78 -45
285 57 81 -45
283 218 86 -45
145 233 85 -45
147 66 84 -45
296 69 80 -45
294 233 84 -45
141 244 92 -45
147 81 80 -45
288 81 84 -45
286 245 84 -45
133 259 88 -45
271 259 87 -45
140 271 86 -45
143 108 79 -45
285 108 85 -45
99 285 94 -45
134 283 85 -45
137 123 84 -45
141 290 80 -45
142 137 83 -45
288 137 78 -45
288 289 77 -45
149 279 83 -45
151 123 79 -45
291 125 83 -45
289 278 81 -45
141 268 88 -45
142 113 82 -45
281 113 83 -45
279 266 88 -45
153 253 84 -45
154 99 81 -45
291 99 82 -45
288 254 86 -45
148 240 85 -45
151 88 80 -45
301 88 85 -45
301 240 85 -45
150 223 74 -45
149 73 80 -45
288 73 80 -45
288 224 82 -45
161 206 77 -45
161 57 85 -45
322 59 85 -45
322 206 86 -45
131 272 84 -45
161 275 98 -45
132 237 79 -45
133 121 78 -45
278 120 80 -45
276 272 91 -45
91 258 93 -45
139 104 81 -45
135 257 85 -45
136 299 82 -45
281 257 84 -45
283 103 82 -45
129 243 82 -45
130 90 88 -45
273 90 85 -45
269 243 84 -45
144 229 83 -45
142 76 82 -45
286 78 79 -45
283 229 85 -45
141 215 81 -45
142 64 84 -45
291 66 80 -45
289 217 82 -45
139 205 84 -45
140 52 83 -45
283 54 75 -45
155 194 86 -45
157 42 79 -45
312 45 85 -45
312 194 86 -45
157 205 82 -45
161 46 77 -45
317 205 85 -45
146 217 81 -45
147 56 80 -45
285 58 79 -45
283 217 83 -45
144 232 80 -45
145 68 82 -45
296 69 83 -45
296 231 76 -45
146 245 86 -45
147 81 80 -45
288 81 87 -45
285 245 86 -45
134 258 84 -45
273 259 87 -45
140 271 88 -45
142 108 84 -45
285 108 84 -45
135 283 85 -45
138 121 80 -45
281 281 80 -45
141 288 80 -45
143 135 79 -45
288 137 78 -45
286 290 80 -45
149 278 80 -45
149 123 80 -45
289 125 86 -45
288 280 87 -45
142 111 81 -45
279 113 84 -45
279 268 88 -45
152 253 82 -45
152 99 80 -45
293 101 82 -45
289 253 81 -45
148 240 86 -45
150 88 81 -45
301 88 82 -45
301 240 84 -45
149 224 83 -45
151 73 76 -45
289 75 80 -45
289 224 82 -45
162 207 82 -45
162 59 80 -45
323 59 80 -45
323 207 82 -45
172 128 75 -45
318 128 80 -45
175 286 79 -45
176 114 70 -45
318 114 77 -45
317 292 80 -45
172 282 75 -45
170 99 78 -45
308 99 71 -45
312 286 79 -45
175 277 75 -45
175 87 75 -45
315 87 76 -45
315 283 79 -45
168 275 82 -45
170 73 71 -45
321 75 76 -45
321 279 78 -45
166 270 84 -45
166 61 82 -45
309 63 77 -45
310 277 83 -45
172 267 85 -45
173 49 78 -45
334 52 92 -45
330 275 91 -45
112 247 87 -45
179 99 75 -45
176 247 80 -45
334 253 76 -45
337 104 77 -45
173 252 79 -45
173 101 79 -45
318 108 79 -45
320 258 81 -45
173 259 79 -45
175 106 78 -45
326 111 74 -45
326 264 79 -45
178 264 80 -45
180 109 75 -45
322 116 81 -45
322 270 80 -45
177 267 78 -45
177 114 73 -45
318 121 81 -45
321 273 79 -45
182 272 77 -45
181 121 78 -45
323 126 76 -45
323 278 81 -45
176 276 79 -45
179 126 75 -45
328 130 77 -45
326 281 78 -45
187 111 72 -45
335 116 72 -45
101 255 85 -45
191 106 75 -45
191 257 76 -45
334 262 78 -45
335 111 82 -45
186 253 81 -45
186 103 78 -45
331 109 73 -45
333 257 77 -45
186 249 79 -45
190 101 76 -45
329 106 73 -45
329 254 77 -45
181 244 78 -45
334 101 76 -45
334 248 75 -45
179 236 75 -45
181 92 72 -45
325 96 78 -45
327 245 83 -45
183 230 79 -45
183 83 75 -45
339 90 78 -45
338 235 80 -45
169 291 72 -45
169 128 76 -45
318 128 72 -45
317 296 77 -45
173 288 80 -45
176 116 74 -45
317 116 77 -45
317 292 83 -45
170 283 81 -45
170 101 78 -45
307 101 79 -45
310 288 80 -45
173 280 80 -45
141 280 90 -45
174 88 76 -45
315 88 77 -45
315 285 80 -45
167 275 81 -45
167 75 81 -45
321 76 77 -45
320 280 81 -45
167 270 76 -45
167 63 77 -45
309 63 79 -45
310 276 79 -45
173 267 78 -45
173 49 79 -45
335 52 86 -45
331 273 82 -45
176 248 81 -45
178 97 77 -45
336 104 78 -45
333 255 84 -45
173 254 79 -45
174 102 70 -45
318 108 78 -45
320 260 81 -45
95 258 90 -45
174 106 76 -45
173 259 79 -45
326 264 79 -45
326 113 76 -45
179 265 82 -45
180 111 77 -45
322 116 81 -45
322 270 81 -45
176 269 79 -45
177 114 72 -45
317 121 83 -45
320 274 78 -45
181 272 78 -45
182 119 76 -45
323 125 78 -45
323 278 81 -45
177 277 74 -45
177 126 75 -45
326 130 77 -45
326 282 77 -45
187 260 73 -45
187 111 73 -45
334 116 78 -45
336 267 76 -45
190 256 74 -45
190 108 71 -45
334 113 76 -45
339 263 80 -45
187 251 74 -45
187 104 73 -45
331 109 75 -45
332 256 74 -45
101 245 78 -45
188 101 73 -45
187 246 74 -45
330 252 80 -45
329 106 78 -45
182 242 77 -45
334 101 77 -45
335 248 83 -45
178 239 80 -45
179 92 72 -45
328 96 79 -45
330 244 82 -45
122 230 88 -45
184 83 71 -45
182 231 71 -45
181 289 84 -45
336 237 77 -45
339 90 74 -45
173 293 72 -45
172 130 75 -45
318 128 80 -45
318 299 81 -45
175 289 81 -45
175 116 77 -45
317 116 80 -45
317 293 80 -45
168 283 81 -45
169 101 78 -45
307 101 78 -45
310 288 80 -45
170 278 80 -45
172 88 79 -45
315 88 78 -45
315 283 80 -45
166 275 82 -45
167 75 77 -45
322 76 82 -45
320 280 79 -45
166 270 84 -45
169 63 75 -45
309 64 79 -45
312 274 78 -45
173 266 81 -45
173 49 79 -45
333 52 87 -45
330 274 86 -45
98 248 93 -45
179 99 73 -45
176 249 79 -45
333 254 78 -45
336 104 78 -45
172 255 76 -45
172 103 77 -45
317 109 81 -45
318 259 78 -45
173 261 80 -45
173 106 81 -45
326 113 76 -45
326 266 78 -45
175 264 79 -45
177 111 77 -45
320 116 82 -45
320 270 81 -45
177 269 77 -45
177 114 76 -45
317 121 81 -45
318 274 78 -45
90 271 85 -45
179 121 81 -45
180 272 75 -45
322 278 80 -45
321 126 79 -45
178 277 76 -45
179 126 71 -45
326 130 78 -45
326 282 75 -45
189 259 70 -45
190 111 70 -45
336 116 75 -45
338 266 79 -45
106 255 84 -45
192 108 72 -45
192 256 72 -45
334 263 81 -45
334 113 76 -45
186 252 78 -45
187 102 72 -45
329 108 75 -45
333 257 78 -45
187 246 72 -45
187 99 75 -45
329 104 78 -45
330 253 81 -45
102 240 84 -45
181 242 80 -45
334 247 78 -45
334 101 79 -45
180 239 80 -45
180 92 77 -45
326 96 74 -45
328 244 80 -45
180 231 76 -45
184 83 73 -45
337 90 78 -45
336 235 77 -45

