3144.272 100.000
3145.193 100.000
3145.394 -400.000
3145.594 -400.000
3145.794 -386.750
3145.994 -386.750
3146.194 -386.750
3146.394 -307.070
3146.594 -307.070
3146.795 -307.070
3146.995 -184.800
3147.195 -184.800
3147.395 -184.800
3147.595 -64.800
3147.795 -64.800
3147.995 -64.800
3148.195 47.582
3148.396 47.582
3148.596 47.582
3148.796 98.462
3148.996 98.462
3149.196 98.462
3149.396 100.000
3149.596 100.000
3149.797 100.000
3159.941 -400.000
3160.600 -400.000
3160.800 100.000
3161.001 100.000
3161.201 90.514
3161.401 90.514
3161.601 90.514
3161.801 17.554
3162.002 17.554
3162.202 17.554
3162.402 -103.200
3162.602 -103.200
3162.802 -103.200
3163.003 -223.200
3163.203 -223.200
3163.403 -223.200
3163.603 -338.534
3163.803 -338.534
3164.003 -338.534
3164.204 -397.042
3164.404 -397.042
3164.604 -397.042
3164.804 -400.000
3165.004 -400.000
3165.205 -400.000
