
3910.464 1800.000
3911.270 1800.000
3911.470 1100.000
3911.670 1100.000
3911.870 1117.727
3912.070 1117.727
3912.271 1117.727
3912.471 1233.655
3912.671 1233.655
3912.872 1233.655
3913.072 1419.369
3913.272 1419.369
3913.472 1419.369
3913.672 1603.153
3913.873 1603.153
3914.073 1603.153
3914.273 1748.181
3914.473 1748.181
3914.673 1748.181
3914.873 1800.000
3915.073 1800.000
3925.994 1100.000
3926.676 1100.000
3926.876 1800.000
3927.076 1800.000
3927.276 1781.858
3927.476 1781.858
3927.676 1781.858
3927.876 1665.208
3928.076 1665.208
3928.277 1665.208
3928.477 1483.033
3928.677 1483.033
3928.877 1483.033
3929.077 1302.853
3929.277 1302.853
3929.477 1302.853
3929.677 1149.724
3929.878 1149.724
3930.078 1149.724
3930.278 1100.000
3930.478 1100.000
