2620.632 100.000
2621.599 100.000
2621.800 -400.000
2622.000 -400.000
2622.200 -391.124
2622.400 -391.124
2622.600 -391.124
2622.801 -288.148
2623.001 -288.148
2623.201 -288.148
2623.401 -142.771
2623.601 -142.771
2623.802 -142.771
2624.002 24.987
2624.202 24.987
2624.402 24.987
2624.602 99.762
2624.802 99.762
2625.003 99.762
2625.203 100.000
2625.403 100.000
2625.603 100.000
2691.005 -400.000
2691.644 -400.000
2691.844 100.000
2692.044 100.000
2692.245 80.227
2692.445 80.227
2692.645 80.227
2692.845 -39.354
2693.045 -39.354
2693.245 -39.354
2693.445 -219.880
2693.646 -219.880
2693.846 -219.880
2694.046 -364.425
2694.246 -364.425
2694.446 -364.425
2694.647 -400.000
2694.847 -400.000
2695.047 -400.000
