3793.574 1800.000
3794.335 1800.000
3794.535 1100.000
3794.735 1100.000
3794.935 1109.486
3795.136 1109.486
3795.336 1109.486
3795.536 1183.906
3795.736 1183.906
3795.936 1183.906
3796.136 1303.200
3796.336 1303.200
3796.536 1303.200
3796.736 1423.200
3796.937 1423.200
3797.137 1423.200
3797.337 1545.600
3797.537 1545.600
3797.737 1545.600
3797.937 1665.600
3798.137 1665.600
3798.337 1665.600
3798.538 1767.282
3798.738 1767.282
3798.938 1767.282
3799.138 1800.000
3799.338 1800.000
3810.207 1100.000
3810.942 1100.000
3811.142 1800.000
3811.342 1800.000
3811.542 1790.514
3811.742 1790.514
3811.942 1790.514
3812.142 1717.554
3812.343 1717.554
3812.543 1717.554
3812.743 1596.800
3812.943 1596.800
3813.143 1596.800
3813.343 1476.800
3813.543 1476.800
3813.743 1476.800
3813.943 1356.800
3814.144 1356.800
3814.344 1356.800
3814.544 1234.400
3814.744 1234.400
3814.944 1234.400
3815.144 1132.718
3815.344 1132.718
3815.544 1132.718
3815.745 1100.000
3815.945 1100.000
